100
101
103
104
105
106
108
109
110
111
113
114
115
116
118
119
120
121
122
124
125
126
127
129
130
131
132
133
134
136
137
138
139
140
141
143
144
145
146
147
148
149
150
151
153
154
155
156
157
158
159
160
161
162
163
164
165
166
167
168
168
169
170
171
172
173
174
175
175
176
177
178
179
179
180
181
182
182
183
184
184
185
186
186
187
188
188
189
189
190
190
191
192
192
193
193
193
194
194
195
195
195
196
196
197
197
197
197
198
198
198
198
199
199
199
199
199
199
200
200
200
200
200
200
200
200
200
200
200
200
200
200
200
199
199
199
199
199
199
198
198
198
198
197
197
197
197
196
196
195
195
195
194
194
193
193
193
192
192
191
190
190
189
189
188
188
187
186
186
185
184
184
183
182
182
181
180
179
179
178
177
176
175
175
174
173
172
171
170
169
168
168
167
166
165
164
163
162
161
160
159
158
157
156
155
154
153
151
150
149
148
147
146
145
144
143
141
140
139
138
137
136
134
133
132
131
130
129
127
126
125
124
122
121
120
119
118
116
115
114
113
111
110
109
108
106
105
104
103
101
100
99
97
96
95
94
92
91
90
89
87
86
85
84
82
81
80
79
78
76
75
74
73
71
70
69
68
67
66
64
63
62
61
60
59
57
56
55
54
53
52
51
50
49
47
46
45
44
43
42
41
40
39
38
37
36
35
34
33
32
32
31
30
29
28
27
26
25
25
24
23
22
21
21
20
19
18
18
17
16
16
15
14
14
13
12
12
11
11
10
10
9
8
8
7
7
7
6
6
5
5
5
4
4
3
3
3
3
2
2
2
2
1
1
1
1
1
1
0
0
0
0
0
0
0
0
0
0
0
0
0
0
0
1
1
1
1
1
1
2
2
2
2
3
3
3
3
4
4
5
5
5
6
6
7
7
7
8
8
9
10
10
11
11
12
12
13
14
14
15
16
16
17
18
18
19
20
21
21
22
23
24
25
25
26
27
28
29
30
31
32
32
33
34
35
36
37
38
39
40
41
42
43
44
45
46
47
49
50
51
52
53
54
55
56
57
59
60
61
62
63
64
66
67
68
69
70
71
73
74
75
76
78
79
80
81
82
84
85
86
87
89
90
91
92
94
95
96
97
99
100
101
103
104
105
106
108
109
110
111
113
114
115
116
118
119
120
121
122
124
125
126
127
129
130
131
132
133
134
136
137
138
139
140
141
143
144
145
146
147
148
149
150
151
153
154
155
156
157
158
159
160
161
162
163
164
165
166
167
168
168
169
170
171
172
173
174
175
175
176
177
178
179
179
180
181
182
182
183
184
184
185
186
186
187
188
188
189
189
190
190
191
192
192
193
193
193
194
194
195
195
195
196
196
197
197
197
197
198
198
198
198
199
199
199
199
199
199
200
200
200
200
200
200
200
200
200
200
200
200
200
200
200
199
199
199
199
199
199
198
198
198
198
197
197
197
197
196
196
195
195
195
194
194
193
193
193
192
192
191
190
190
189
189
188
188
187
186
186
185
184
184
183
182
182
181
180
179
179
178
177
176
175
175
174
173
172
171
170
169
168
168
167
166
165
164
163
162
161
160
159
158
157
156
155
154
153
151
150
149
148
147
146
145
144
143
141
140
139
138
137
136
134
133
132
131
130
129
127
126
125
124
122
121
120
119
118
116
115
114
113
111
110
109
108
106
105
104
103
101
100
99
97
96
95
94
92
91
90
89
87
86
85
84
82
81
80
79
78
76
75
74
73
71
70
69
68
67
66
64
63
62
61
60
59
57
56
55
54
53
52
51
50
49
47
46
45
44
43
42
41
40
39
38
37
36
35
34
33
32
32
31
30
29
28
27
26
25
25
24
23
22
21
21
20
19
18
18
17
16
16
15
14
14
13
12
12
11
11
10
10
9
8
8
7
7
7
6
6
5
5
5
4
4
3
3
3
3
2
2
2
2
1
1
1
1
1
1
0
0
0
0
0
0
0
0
0
0
0
0
0
0
0
1
1
1
1
1
1
2
2
2
2
3
3
3
3
4
4
5
5
5
6
6
7
7
7
8
8
9
10
10
11
11
12
12
13
14
14
15
16
16
17
18
18
19
20
21
21
22
23
24
25
25
26
27
28
29
30
31
32
32
33
34
35
36
37
38
39
40
41
42
43
44
45
46
47
49
50
51
52
53
54
55
56
57
59
60
61
62
63
64
66
67
68
69
70
71
73
74
75
76
78
79
80
81
82
84
85
86
87
89
90
91
92
94
95
96
97
99
100
101
103
104
105
106
108
109
110
111
113
114
115
116
118
119
120
121
122
124
125
126
127
129
130
131
132
133
134
136
137
138
139
140
141
143
144
145
146
147
148
149
150
151
153
154
155
156
157
158
159
160
161
162
163
164
165
166
167
168
168
169
170
171
172
173
174
175
175
176
177
178
179
179
180
181
182
182
183
184
184
185
186
186
187
188
188
189
189
190
190
191
192
192
193
193
193
194
194
195
195
195
196
196
197
197
197
197
198
198
198
198
199
199
199
199
199
199
200
200
200
200
200
200
200
200
200
200
200
200
200
200
200
199
199
199
199
199
199
198
198
198
198
197
197
197
197
196
196
195
195
195
194
194
193
193
193
192
192
191
190
190
189
189
188
188
187
186
186
185
184
184
183
182
182
181
180
179
179
178
177
176
175
175
174
173
172
171
170
169
168
168
167
166
165
164
163
162
161
160
159
158
157
156
155
154
153
151
150
149
148
147
146
145
144
143
141
140
139
138
137
136
134
133
132
131
130
129
127
126
125
124
122
121
120
119
118
116
115
114
113
111
110
109
108
106
105
104
103
101
100
99
97
96
95
94
92
91
90
89
87
86
85
84
82
81
80
79
78
76
75
74
73
71
70
69
68
67
66
64
63
62
61
60
59
57
56
55
54
53
52
51
50
49
47
46
45
44
43
42
41
40
39
38
37
36
35
34
33
32
32
31
30
29
28
27
26
25
25
24
23
22
21
21
20
19
18
18
17
16
16
15
14
14
13
12
12
11
11
10
10
9
8
8
7
7
7
6
6
5
5
5
4
4
3
3
3
3
2
2
2
2
1
1
1
1
1
1
0
0
0
0
0
0
0
0
0
0
0
0
0
0
0
1
1
1
1
1
1
2
2
2
2
3
3
3
3
4
4
5
5
5
6
6
7
7
7
8
8
9
10
10
11
11
12
12
13
14
14
15
16
16
17
18
18
19
20
21
21
22
23
24
25
25
26
27
28
29
30
31
32
32
33
34
35
36
37
38
39
40
41
42
43
44
45
46
47
49
50
51
52
53
54
55
56
57
59
60
61
62
63
64
66
67
68
69
70
71
73
74
75
76
78
79
80
81
82
84
85
86
87
89
90
91
92
94
95
96
97
99
100
101
103
104
105
106
108
109
110
111
113
114
115
116
118
119
120
121
122
124
125
126
127
129
130
131
132
133
134
136
137
138
139
140
141
143
144
145
146
147
148
149
150
151
153
154
155
156
157
158
159
160
161
162
163
164
165
166
167
168
168
169
170
171
172
173
174
175
175
176
177
178
179
179
180
181
182
182
183
184
184
185
186
186
187
188
188
189
189
190
190
191
192
192
193
193
193
194
194
195
195
195
196
196
197
197
197
197
198
198
198
198
199
199
199
199
199
199
200
200
200
200
200
200
200
200
200
200
200
200
200
200
200
199
199
199
199
199
199
198
198
198
198
197
197
197
197
196
196
195
195
195
194
194
193
193
193
192
192
191
190
190
189
189
188
188
187
186
186
185
184
184
183
182
182
181
180
179
179
178
177
176
175
175
174
173
172
171
170
169
168
168
167
166
165
164
163
162
161
160
159
158
157
156
155
154
153
151
150
149
148
147
146
145
144
143
141
140
139
138
137
136
134
133
132
131
130
129
127
126
125
124
122
121
120
119
118
116
115
114
113
111
110
109
108
106
105
104
103
101
100
99
97
96
95
94
92
91
90
89
87
86
85
84
82
81
80
79
78
76
75
74
73
71
70
69
68
67
66
64
63
62
61
60
59
57
56
55
54
53
52
51
50
49
47
46
45
44
43
42
41
40
39
38
37
36
35
34
33
32
32
31
30
29
28
27
26
25
25
24
23
22
21
21
20
19
18
18
17
16
16
15
14
14
13
12
12
11
11
10
10
9
8
8
7
7
7
6
6
5
5
5
4
4
3
3
3
3
2
2
2
2
1
1
1
1
1
1
0
0
0
0
0
0
0
0
0
0
0
0
0
0
0
1
1
1
1
1
1
2
2
2
2
3
3
3
3
4
4
5
5
5
6
6
7
7
7
8
8
9
10
10
11
11
12
12
13
14
14
15
16
16
17
18
18
19
20
21
21
22
23
24
25
25
26
27
28
29
30
31
32
32
33
34
35
36
37
38
39
40
41
42
43
44
45
46
47
49
50
51
52
53
54
55
56
57
59
60
61
62
63
64
66
67
68
69
70
71
73
74
75
76
78
79
80
81
82
84
85
86
87
89
90
91
92
94
95
96
97
99
100
101
103
104
105
106
108
109
110
111
113
114
115
116
118
119
120
121
122
124
125
126
127
129
130
131
132
133
134
136
137
138
139
140
141
143
144
145
146
147
148
149
150
151
153
154
155
156
157
158
159
160
161
162
163
164
165
166
167
168
168
169
170
171
172
173
174
175
175
176
177
178
179
179
180
181
182
182
183
184
184
185
186
186
187
188
188
189
189
190
190
191
192
192
193
193
193
194
194
195
195
195
196
196
197
197
197
197
198
198
198
198
199
199
199
199
199
199
200
200
200
200
200
200
200
200
200
200
200
200
200
200
200
199
199
199
199
199
199
198
198
198
198
197
197
197
197
196
196
195
195
195
194
194
193
193
193
192
192
191
190
190
189
189
188
188
187
186
186
185
184
184
183
182
182
181
180
179
179
178
177
176
175
175
174
173
172
171
170
169
168
168
167
166
165
164
163
162
161
160
159
158
157
156
155
154
153
151
150
149
148
147
146
145
144
143
141
140
139
138
137
136
134
133
132
131
130
129
127
126
125
124
122
121
120
119
118
116
115
114
113
111
110
109
108
106
105
104
103
101
100
99
97
96
95
94
92
91
90
89
87
86
85
84
82
81
80
79
78
76
75
74
73
71
70
69
68
67
66
64
63
62
61
60
59
57
56
55
54
53
52
51
50
49
47
46
45
44
43
42
41
40
39
38
37
36
35
34
33
32
32
31
30
29
28
27
26
25
25
24
23
22
21
21
20
19
18
18
17
16
16
15
14
14
13
12
12
11
11
10
10
9
8
8
7
7
7
6
6
5
5
5
4
4
3
3
3
3
2
2
2
2
1
1
1
1
1
1
0
0
0
0
0
0
0
0
0
0
0
0
0
0
0
1
1
1
1
1
1
2
2
2
2
3
3
3
3
4
4
5
5
5
6
6
7
7
7
8
8
9
10
10
11
11
12
12
13
14
14
15
16
16
17
18
18
19
20
21
21
22
23
24
25
25
26
27
28
29
30
31
32
32
33
34
35
36
37
38
39
40
41
42
43
44
45
46
47
49
50
51
52
53
54
55
56
57
59
60
61
62
63
64
66
67
68
69
70
71
73
74
75
76
78
79
80
81
82
84
85
86
87
89
90
91
92
94
95
96
97
99
100
101
103
104
105
106
108
109
110
111
113
114
115
116
118
119
120
121
122
124
125
126
127
129
130
131
132
133
134
136
137
138
139
140
141
143
144
145
146
147
148
149
150
151
153
154
155
156
157
158
159
160
161
162
163
164
165
166
167
168
168
169
170
171
172
173
174
175
175
176
177
178
179
179
180
181
182
182
183
184
184
185
186
186
187
188
188
189
189
190
190
191
192
192
193
193
193
194
194
195
195
195
196
196
197
197
197
197
198
198
198
198
199
199
199
199
199
199
200
200
200
200
200
200
200
200
200
200
200
200
200
200
200
199
199
199
199
199
199
198
198
198
198
197
197
197
197
196
196
195
195
195
194
194
193
193
193
192
192
191
190
190
189
189
188
188
187
186
186
185
184
184
183
182
182
181
180
179
179
178
177
176
175
175
174
173
172
171
170
169
168
168
167
166
165
164
163
162
161
160
159
158
157
156
155
154
153
151
150
149
148
147
146
145
144
143
141
140
139
138
137
136
134
133
132
131
130
129
127
126
125
124
122
121
120
119
118
116
115
114
113
111
110
109
108
106
105
104
103
101
100
99
97
96
95
94
92
91
90
89
87
86
85
84
82
81
80
79
78
76
75
74
73
71
70
69
68
67
66
64
63
62
61
60
59
57
56
55
54
53
52
51
50
49
47
46
45
44
43
42
41
40
39
38
37
36
35
34
33
32
32
31
30
29
28
27
26
25
25
24
23
22
21
21
20
19
18
18
17
16
16
15
14
14
13
12
12
11
11
10
10
9
8
8
7
7
7
6
6
5
5
5
4
4
3
3
3
3
2
2
2
2
1
1
1
1
1
1
0
0
0
0
0
0
0
0
0
0
0
0
0
0
0
1
1
1
1
1
1
2
2
2
2
3
3
3
3
4
4
5
5
5
6
6
7
7
7
8
8
9
10
10
11
11
12
12
13
14
14
15
16
16
17
18
18
19
20
21
21
22
23
24
25
25
26
27
28
29
30
31
32
32
33
34
35
36
37
38
39
40
41
42
43
44
45
46
47
49
50
51
52
53
54
55
56
57
59
60
61
62
63
64
66
67
68
69
70
71
73
74
75
76
78
79
80
81
82
84
85
86
87
89
90
91
92
94
95
96
97
99
100
101
103
104
105
106
108
109
110
111
113
114
115
116
118
119
120
121
122
124
125
126
127
129
130
131
132
133
134
136
137
138
139
140
141
143
144
145
146
147
148
149
150
151
153
154
155
156
157
158
159
160
161
162
163
164
165
166
167
168
168
169
170
171
172
173
174
175
175
176
177
178
179
179
180
181
182
182
183
184
184
185
186
186
187
188
188
189
189
190
190
191
192
192
193
193
193
194
194
195
195
195
196
196
197
197
197
197
198
198
198
198
199
199
199
199
199
199
200
200
200
200
200
200
200
200
200
200
200
200
200
200
200
199
199
199
199
199
199
198
198
198
198
197
197
197
197
196
196
195
195
195
194
194
193
193
193
192
192
191
190
190
189
189
188
188
187
186
186
185
184
184
183
182
182
181
180
179
179
178
177
176
175
175
174
173
172
171
170
169
168
168
167
166
165
164
163
162
161
160
159
158
157
156
155
154
153
151
150
149
148
147
146
145
144
143
141
140
139
138
137
136
134
133
132
131
130
129
127
126
125
124
122
121
120
119
118
116
115
114
113
111
110
109
108
106
105
104
103
101
100
99
97
96
95
94
92
91
90
89
87
86
85
84
82
81
80
79
78
76
75
74
73
71
70
69
68
67
66
64
63
62
61
60
59
57
56
55
54
53
52
51
50
49
47
46
45
44
43
42
41
40
39
38
37
36
35
34
33
32
32
31
30
29
28
27
26
25
25
24
23
22
21
21
20
19
18
18
17
16
16
15
14
14
13
12
12
11
11
10
10
9
8
8
7
7
7
6
6
5
5
5
4
4
3
3
3
3
2
2
2
2
1
1
1
1
1
1
0
0
0
0
0
0
0
0
0
0
0
0
0
0
0
1
1
1
1
1
1
2
2
2
2
3
3
3
3
4
4
5
5
5
6
6
7
7
7
8
8
9
10
10
11
11
12
12
13
14
14
15
16
16
17
18
18
19
20
21
21
22
23
24
25
25
26
27
28
29
30
31
32
32
33
34
35
36
37
38
39
40
41
42
43
44
45
46
47
49
50
51
52
53
54
55
56
57
59
60
61
62
63
64
66
67
68
69
70
71
73
74
75
76
78
79
80
81
82
84
85
86
87
89
90
91
92
94
95
96
97
99
100
101
103
104
105
106
108
109
110
111
113
114
115
116
118
119
120
121
122
124
125
126
127
129
130
131
132
133
134
136
137
138
139
140
141
143
144
145
146
147
148
149
150
151
153
154
155
156
157
158
159
160
161
162
163
164
165
166
167
168
168
169
170
171
172
173
174
175
175
176
177
178
179
179
180
181
182
182
183
184
184
185
186
186
187
188
188
189
189
190
190
191
192
192
193
193
193
194
194
195
195
195
196
196
197
197
197
197
198
198
198
198
199
199
199
199
199
199
200
200
200
200
200
200
200
200
200
200
200
200
200
200
200
199
199
199
199
199
199
198
198
198
198
197
197
197
197
196
196
195
195
195
194
194
193
193
193
192
192
191
190
190
189
189
188
188
187
186
186
185
184
184
183
182
182
181
180
179
179
178
177
176
175
175
174
173
172
171
170
169
168
168
167
166
165
164
163
162
161
160
159
158
157
156
155
154
153
151
150
149
148
147
146
145
144
143
141
140
139
138
137
136
134
133
132
131
130
129
127
126
125
124
122
121
120
119
118
116
115
114
113
111
110
109
108
106
105
104
103
101
100
99
97
96
95
94
92
91
90
89
87
86
85
84
82
81
80
79
78
76
75
74
73
71
70
69
68
67
66
64
63
62
61
60
59
57
56
55
54
53
52
51
50
49
47
46
45
44
43
42
41
40
39
38
37
36
35
34
33
32
32
31
30
29
28
27
26
25
25
24
23
22
21
21
20
19
18
18
17
16
16
15
14
14
13
12
12
11
11
10
10
9
8
8
7
7
7
6
6
5
5
5
4
4
3
3
3
3
2
2
2
2
1
1
1
1
1
1
0
0
0
0
0
0
0
0
0
0
0
0
0
0
0
1
1
1
1
1
1
2
2
2
2
3
3
3
3
4
4
5
5
5
6
6
7
7
7
8
8
9
10
10
11
11
12
12
13
14
14
15
16
16
17
18
18
19
20
21
21
22
23
24
25
25
26
27
28
29
30
31
32
32
33
34
35
36
37
38
39
40
41
42
43
44
45
46
47
49
50
51
52
53
54
55
56
57
59
60
61
62
63
64
66
67
68
69
70
71
73
74
75
76
78
79
80
81
82
84
85
86
87
89
90
91
92
94
95
96
97
99
100
101
103
104
105
106
108
109
110
111
113
114
115
116
118
119
120
121
122
124
125
126
127
129
130
131
132
133
134
136
137
138
139
140
141
143
144
145
146
147
148
149
150
151
153
154
155
156
157
158
159
160
161
162
163
164
165
166
167
168
168
169
170
171
172
173
174
175
175
176
177
178
179
179
180
181
182
182
183
184
184
185
186
186
187
188
188
189
189
190
190
191
192
192
193
193
193
194
194
195
195
195
196
196
197
197
197
197
198
198
198
198
199
199
199
199
199
199
200
200
200
200
200
200
200
200
200
200
200
200
200
200
200
199
199
199
199
199
199
198
198
198
198
197
197
197
197
196
196
195
195
195
194
194
193
193
193
192
192
191
190
190
189
189
188
188
187
186
186
185
184
184
183
182
182
181
180
179
179
178
177
176
175
175
174
173
172
171
170
169
168
168
167
166
165
164
163
162
161
160
159
158
157
156
155
154
153
151
150
149
148
147
146
145
144
143
141
140
139
138
137
136
134
133
132
131
130
129
127
126
125
124
122
121
120
119
118
116
115
114
113
111
110
109
108
106
105
104
103
101
100
99
97
96
95
94
92
91
90
89
87
86
85
84
82
81
80
79
78
76
75
74
73
71
70
69
68
67
66
64
63
62
61
60
59
57
56
55
54
53
52
51
50
49
47
46
45
44
43
42
41
40
39
38
37
36
35
34
33
32
32
31
30
29
28
27
26
25
25
24
23
22
21
21
20
19
18
18
17
16
16
15
14
14
13
12
12
11
11
10
10
9
8
8
7
7
7
6
6
5
5
5
4
4
3
3
3
3
2
2
2
2
1
1
1
1
1
1
0
0
0
0
0
0
0
0
0
0
0
0
0
0
0
1
1
1
1
1
1
2
2
2
2
3
3
3
3
4
4
5
5
5
6
6
7
7
7
8
8
9
10
10
11
11
12
12
13
14
14
15
16
16
17
18
18
19
20
21
21
22
23
24
25
25
26
27
28
29
30
31
32
32
33
34
35
36
37
38
39
40
41
42
43
44
45
46
47
49
50
51
52
53
54
55
56
57
59
60
61
62
63
64
66
67
68
69
70
71
73
74
75
76
78
79
80
81
82
84
85
86
87
89
90
91
92
94
95
96
97
99
100
101
103
104
105
106
108
109
110
111
113
114
115
116
118
119
120
121
122
124
125
126
127
129
130
131
132
133
134
136
137
138
139
140
141
143
144
145
146
147
148
149
150
151
153
154
155
156
157
158
159
160
161
162
163
164
165
166
167
168
168
169
170
171
172
173
174
175
175
176
177
178
179
179
180
181
182
182
183
184
184
185
186
186
187
188
188
189
189
190
190
191
192
192
193
193
193
194
194
195
195
195
196
196
197
197
197
197
198
198
198
198
199
199
199
199
199
199
200
200
200
200
200
200
200
200
200
200
200
200
200
200
200
199
199
199
199
199
199
198
198
198
198
197
197
197
197
196
196
195
195
195
194
194
193
193
193
192
192
191
190
190
189
189
188
188
187
186
186
185
184
184
183
182
182
181
180
179
179
178
177
176
175
175
174
173
172
171
170
169
168
168
167
166
165
164
163
162
161
160
159
158
157
156
155
154
153
151
150
149
148
147
146
145
144
143
141
140
139
138
137
136
134
133
132
131
130
129
127
126
125
124
122
121
120
119
118
116
115
114
113
111
110
109
108
106
105
104
103
101
100
99
97
96
95
94
92
91
90
89
87
86
85
84
82
81
80
79
78
76
75
74
73
71
70
69
68
67
66
64
63
62
61
60
59
57
56
55
54
53
52
51
50
49
47
46
45
44
43
42
41
40
39
38
37
36
35
34
33
32
32
31
30
29
28
27
26
25
25
24
23
22
21
21
20
19
18
18
17
16
16
15
14
14
13
12
12
11
11
10
10
9
8
8
7
7
7
6
6
5
5
5
4
4
3
3
3
3
2
2
2
2
1
1
1
1
1
1
0
0
0
0
0
0
0
0
0
0
0
0
0
0
0
1
1
1
1
1
1
2
2
2
2
3
3
3
3
4
4
5
5
5
6
6
7
7
7
8
8
9
10
10
11
11
12
12
13
14
14
15
16
16
17
18
18
19
20
21
21
22
23
24
25
25
26
27
28
29
30
31
32
32
33
34
35
36
37
38
39
40
41
42
43
44
45
46
47
49
50
51
52
53
54
55
56
57
59
60
61
62
63
64
66
67
68
69
70
71
73
74
75
76
78
79
80
81
82
84
85
86
87
89
90
91
92
94
95
96
97
99
